AH_Typ=23
AH_X=-1628.340820
AH_Y=670.895202
AH_Z=7.413742
AH_Rot=250.665802
AH_Status=1
AH_Lock=0
AH_Paintjob=-1
AH_Color1=-1
AH_Color2=-1
AH_mod1=-1
AH_mod2=-1
AH_mod3=-1
AH_mod4=-1
AH_mod5=-1
AH_mod6=-1
AH_mod7=-1
AH_mod8=-1
AH_mod9=-1
AH_mod10=-1
AH_mod11=-1
AH_mod12=-1
AH_mod13=-1
AH_mod14=-1
AH_mod15=-1
AH_mod16=-1
AH_mod17=-1
AH_mod18=-1
AH_gas=-1
AH_numeris=-1
